air_date,schedule_detail_id,content_tape_detail_id,content_tape_id,segment_no,segment_duration_sec,Reach,slot_id,AD_DURATION,PROMO_DURATION,ad_duration_sec,Time_hour,Total_Duration,start_sec,End_time,End_hour,start_time_in_time,end_time_in_time,promo_duration_sec
28-06-2019,70509,24379,7228,1,899.92,0.16285,146,720,120,140,7,1039.92,28229,29268.92,8,7.50.29,8.07.48,0
28-06-2019,70509,24380,7228,2,853.44,0.27425,146,720,120,420,8,1273.44,29268.92,30542.36,8,8.07.48,8.29.02,0
28-06-2019,70509,24381,7228,3,932.16,0.2844,146,720,120,420,8,1352.16,30542.36,31894.52,8,8.29.02,8.51.34,0
28-06-2019,70509,24382,7228,4,957.32,0.36565,146,720,120,420,8,1377.32,31894.52,33271.84,9,8.51.34,9.14.31,0
28-06-2019,70509,24383,7228,5,867.96,0.2912,146,720,120,420,9,1287.96,33271.84,34559.8,9,9.14.31,9.35.59,0
28-06-2019,70509,24384,7228,6,952.28,0.41805,146,720,120,0,9,952.28,34559.8,35512.08,9,9.35.59,9.51.52,0
28-06-2019,70509,24385,7228,1,905.2,0.4691,146,720,120,0,9,905.2,35512.08,36417.28,10,9.51.52,10.06.57,0
28-06-2019,70509,24386,7228,2,866.84,0.45185,146,720,120,400,10,1266.84,36417.28,37684.12,10,10.06.57,10.28.04,0
28-06-2019,70509,24387,7228,3,757.84,0.44435,146,720,120,400,10,1157.84,37684.12,38841.96,10,10.28.04,10.47.21,0
28-06-2019,70509,24388,7228,4,594.48,0.35655,146,720,120,0,10,594.48,38841.96,39436.44,10,10.47.21,10.57.16,0
28-06-2019,70510,2933,823,10,730,0.49485,147,720,120,40,10,770,39430,40200,11,10.57.10,11.10.00,0
28-06-2019,70510,2932,823,9,680,0.6584,147,720,120,420,11,1100,40200,41300,11,11.10.00,11.28.20,0
28-06-2019,70510,2931,823,8,578,0.5365,147,720,120,420,11,998,41300,42298,11,11.28.20,11.44.58,0
28-06-2019,70510,2930,823,7,776,0.6932,147,720,120,0,11,776,42298,43074,11,11.44.58,11.57.54,0
28-06-2019,70510,2929,823,6,555,0.57,147,720,120,420,11,975,43074,44049,12,11.57.54,12.14.09,0
28-06-2019,70510,2928,823,5,544,0.5685,147,720,120,420,12,964,44049,45013,12,12.14.09,12.30.13,0
28-06-2019,70510,2927,823,4,731,0.8738,147,720,120,0,12,731,45013,45744,12,12.30.13,12.42.24,0
28-06-2019,70510,2926,823,3,729,0.8075,147,720,120,160,12,889,45744,46633,12,12.42.24,12.57.13,0
28-06-2019,70510,2925,823,2,772,0.7363,147,720,120,160,12,932,46633,47565,13,12.57.13,13.12.45,0
28-06-2019,70510,2924,823,1,614,0.9704,147,720,120,0,13,614,47565,48179,13,13.12.45,13.22.59,0
28-06-2019,70511,37738,12101,1,681,0.94065,148,720,120,260,13,941,48180,49121,13,13.23.00,13.38.41,0
28-06-2019,70511,37740,12101,3,695,0.9866,148,720,120,260,13,955,49121,50076,13,13.38.41,13.54.36,0
28-06-2019,70511,37739,12101,2,761,1.72785,148,720,120,0,13,761,50076,50837,14,13.54.36,14.07.17,0
28-06-2019,70511,37746,12101,9,767,1.08235,148,720,120,0,14,767,50837,51604,14,14.07.17,14.20.04,0
28-06-2019,70511,37745,12101,8,611,1.06215,148,720,120,420,14,1031,51604,52635,14,14.20.04,14.37.15,0
28-06-2019,70511,37744,12101,7,655,1.00665,148,720,120,420,14,1075,52635,53710,14,14.37.15,14.55.10,0
28-06-2019,70511,37743,12101,6,648,1.0188,148,720,120,260,14,908,53710,54618,15,14.55.10,15.10.18,0
28-06-2019,70511,37742,12101,5,548,1.00855,148,720,120,260,15,808,54618,55426,15,15.10.18,15.23.46,0
28-06-2019,70511,37741,12101,4,817,0.8718,148,720,120,0,15,817,55426,56243,15,15.23.46,15.37.23,0
28-06-2019,70512,42362,13233,2,614,0.87005,149,720,120,320,15,934,56240,57174,15,15.37.20,15.52.54,0
28-06-2019,70512,42361,13233,1,807,0.92205,149,720,120,0,15,807,57174,57981,16,15.52.54,16.06.21,0
28-06-2019,70512,42370,13233,10,707,0.7048,149,720,120,0,16,707,57981,58688,16,16.06.21,16.18.08,0
28-06-2019,70512,42369,13233,9,549,0.58025,149,720,120,420,16,969,58688,59657,16,16.18.08,16.34.17,0
28-06-2019,70512,42368,13233,8,763,0.61845,149,720,120,420,16,1183,59657,60840,16,16.34.17,16.54.00,0
28-06-2019,70512,42367,13233,7,778,0.6631,149,720,120,0,16,778,60840,61618,17,16.54.00,17.06.58,0
28-06-2019,70512,42366,13233,6,734,0.65985,149,720,120,420,17,1154,61618,62772,17,17.06.58,17.26.12,0
28-06-2019,70512,42365,13233,5,913,0.7264,149,720,120,200,17,1113,62772,63885,17,17.26.12,17.44.45,0
28-06-2019,70512,42364,13233,4,679,0.63555,149,720,120,420,17,1099,63885,64984,18,17.44.45,18.03.04,0
28-06-2019,70512,42363,13233,3,679,0.6439,149,720,120,0,18,679,64984,65663,18,18.03.04,18.14.23,0
28-06-2019,70513,22208,6562,4,664.32,0.4776,150,720,120,320,18,984.32,65661,66645.32,18,18.14.21,18.30.45,0
28-06-2019,70513,22199,6562,2,835.68,0.53535,150,720,120,320,18,1155.68,66645.32,67801,18,18.30.45,18.50.01,0
28-06-2019,70513,22198,6562,1,734.64,0.4862,150,720,120,0,18,734.64,67801,68535.64,19,18.50.01,19.02.15,0
28-06-2019,70513,22207,6562,3,627.52,0.43335,150,720,120,420,19,1047.52,68535.64,69583.16,19,19.02.15,19.19.43,0
28-06-2019,70513,22206,6562,2,627.4,0.4824,150,720,120,420,19,1047.4,69583.16,70630.56,19,19.19.43,19.37.10,0
28-06-2019,70513,22205,6562,1,716.56,0.48775,150,720,120,0,19,716.56,70630.56,71347.12,19,19.37.10,19.49.07,0
28-06-2019,70513,22204,6562,7,715.8,0.4916,150,720,120,420,19,1135.8,71347.12,72482.92,20,19.49.07,20.08.02,0
28-06-2019,70513,22203,6562,6,645.12,0.5039,150,720,120,420,20,1065.12,72482.92,73548.04,20,20.08.02,20.25.48,0
28-06-2019,70513,22202,6562,5,680.48,0.6658,150,720,120,0,20,680.48,73548.04,74228.52,20,20.25.48,20.37.08,0
28-06-2019,70513,22201,6562,4,591.56,0.51935,150,720,120,0,20,591.56,74228.52,74820.08,20,20.37.08,20.47.00,0
28-06-2019,70513,22200,6562,3,758.52,0.74525,150,720,120,0,20,758.52,74820.08,75578.6,20,20.47.00,20.59.38,0
28-06-2019,70514,35384,11436,1,700,0.8331,151,720,120,420,21,1120,75600,76720,21,21.00.00,21.18.40,0
28-06-2019,70514,35385,11436,2,595,0.93255,151,720,120,420,21,1015,76720,77735,21,21.18.40,21.35.35,0
28-06-2019,70514,35386,11436,3,673,1.0181,151,720,120,0,21,673,77735,78408,21,21.35.35,21.46.48,0
28-06-2019,70514,35387,11436,4,600,1.115,151,720,120,0,21,600,78408,79008,21,21.46.48,21.56.48,0
28-06-2019,70514,35388,11436,5,592,1.328,151,720,120,420,21,1012,79008,80020,22,21.56.48,22.13.40,0
28-06-2019,70514,35389,11436,6,603,1.3934,151,720,120,0,22,603,80020,80623,22,22.13.40,22.23.43,0
28-06-2019,70514,35390,11436,7,803,1.3898,151,720,120,0,22,803,80623,81426,22,22.23.43,22.37.06,0
28-06-2019,70514,35391,11436,8,609,1.3326,151,720,120,420,22,1029,81426,82455,22,22.37.06,22.54.15,0
28-06-2019,70514,35392,11436,9,621,1.2786,151,720,120,200,22,821,82455,83276,23,22.54.15,23.07.56,0
28-06-2019,70514,35393,11436,10,573,1.2127,151,720,120,200,23,773,83276,84049,23,23.07.56,23.20.49,0
28-06-2019,70514,35394,11436,11,465,1.3323,151,720,120,0,23,465,84049,84514,23,23.20.49,23.28.34,0
28-06-2019,70515,25431,7586,1,825.96,0.79985,152,720,120,450,23,1275.96,84521,85796.96,23,23.28.41,23.49.56,0
28-06-2019,70515,25432,7586,2,828.96,0.74835,152,720,120,0,23,828.96,85796.96,86625.92,24,23.49.56,0.03.45,0
28-06-2019,70515,25433,7586,3,728.96,0.39825,152,720,120,420,24,1148.96,86625.92,87774.88,24,0.03.45,0.22.54,0
28-06-2019,70515,25434,7586,4,649.96,0.3137,152,720,120,420,24,1069.96,87774.88,88844.84,24,0.22.54,0.40.44,0
28-06-2019,70515,25435,7586,5,860.96,0.4393,152,720,120,0,24,860.96,88844.84,89705.8,24,0.40.44,0.55.05,0
28-06-2019,70515,25436,7586,6,897.96,0.54775,152,720,120,0,24,897.96,89705.8,90603.76,25,0.55.05,1.10.03,0
28-06-2019,70515,25437,7586,7,654.96,0.3121,152,720,120,420,25,1074.96,90603.76,91678.72,25,1.10.03,1.27.58,0
28-06-2019,70515,25438,7586,8,683.96,0.351,152,720,120,0,25,683.96,91678.72,92362.68,25,1.27.58,1.39.22,0
28-06-2019,70515,25439,7586,9,738.96,0.3135,152,720,120,420,25,1158.96,92362.68,93521.64,25,1.39.22,1.58.41,0
28-06-2019,70515,25440,7586,10,780.96,0.33165,152,720,120,0,25,780.96,93521.64,94302.6,26,1.58.41,2.11.42,0
28-06-2019,70515,25441,7586,11,739.96,0.31485,152,720,120,420,26,1159.96,94302.6,95462.56,26,2.11.42,2.31.02,0
28-06-2019,70515,25442,7586,12,586.96,0.3028,152,720,120,420,26,1006.96,95462.56,96469.52,26,2.31.02,2.47.49,0
28-06-2019,70515,25443,7586,13,795.96,0.3298,152,720,120,0,26,795.96,96469.52,97265.48,27,2.47.49,3.01.05,0
