air_date,schedule_detail_id,content_tape_detail_id,segment_duration_sec,Reach,AD_DURATION,PROMO_DURATION,ad_duration_sec,Time_hour,Total_Duration,start_sec,End_time,End_hour,start_time_in_time,end_time_in_time,Break_min_filter,start_minutes,end_minutes
27-09-2019,143079,30817,857.56,0.8984,840,60,450,20,1307.56,72000,73307.56,20,20.00.00,20.21.47,8,0,21
27-09-2019,143079,30818,828.92,1.17165,840,60,0,20,828.92,73307.56,74136.48,20,20.21.47,20.35.36,0,21,35
27-09-2019,143079,30819,844.6,1.0713,840,60,450,20,1294.6,74136.48,75431.08,20,20.35.36,20.57.11,8,35,57
27-09-2019,143079,30820,813.12,1.156,840,60,0,20,813.12,75431.08,76244.2,21,20.57.11,21.10.44,0,57,10
27-09-2019,143079,30821,842.32,0.9979,840,60,450,21,1292.32,76244.2,77536.52,21,21.10.44,21.32.16,8,10,32
27-09-2019,143079,30822,855.68,1.115,840,60,450,21,1305.68,77536.52,78842.2,21,21.32.16,21.54.02,8,32,54
27-09-2019,143079,30823,914.6,1.2046,840,60,370,21,1284.6,78842.2,80126.8,22,21.54.02,22.15.26,6,54,15
27-09-2019,143079,30824,862.24,1.39465,840,60,370,22,1232.24,80126.8,81359.04,22,22.15.26,22.35.59,6,15,35
27-09-2019,143079,30825,824.36,1.4228,840,60,0,22,824.36,81359.04,82183.4,22,22.35.59,22.49.43,0,35,49
